8
28
34
36
56
96
12
22
42
18
92
40
0
2
22
60
24
20
26
76
30
18
0
42
46
6
96
98
2
50
36
38
74
12
20
42
4
8
76
4
0
48
50
76
22
4
8
10
30
52
90
80
86
34
68
96
36
0
50
36
86
88
2
74
82
44
98
54
88
78
82
50
12
78
0
96
12
48
98
44
10
24
66
18
90
4
88
92
60
58
56
28
42
50
78
68
30
54
32
64
52
16
18
6
12
26
86
40
82
16
88
46
92
84
0
6
18
76
84
74
70
78
46
38
30
96
40
34
2
62
64
72
12
48
34
36
16
24
50
4
22
86
68
12
52
52
46
54
26
62
56
88
80
38
30
76
4
60
38
80
12
98
44
74
76
42
82
14
38
28
42
98
98
48
50
34
20
68
38
4
34
52
18
34
20
20
84
64
78
94
32
60
6
78
34
54
2
42
76
86
6
84
52
42
64
24
22
70
86
36
64
26
38
52
64
36
68
52
20
72
8
20
16
42
96
66
26
52
66
56
8
66
30
10
58
72
88
20
88
24
46
50
90
0
50
46
4
90
54
14
76
86
60
50
62
58
76
0
44
50
86
56
22
94
26
66
94
74
84
70
22
94
0
48
86
12
48
86
38
52
0
94
34
16
98
70
54
22
26
86
44
96
76
32
42
6
32
60
46
52
30
40
72
18
88
78
48
90
48
40
20
76
90
92
98
64
0
24
42
58
76
88
34
48
16
16
26
30
94
72
90
64
66
16
4
40
68
60
0
26
68
82
26
86
78
68
0
10
92
40
76
84
0
0
28
22
98
64
6
98
58
34
34
84
18
92
96
72
26
28
4
8
64
60
56
2
36
86
10
38
2
52
2
94
8
78
72
36
44
86
58
22
6
14
20
78
84
50
12
22
64
34
74
56
90
66
12
94
48
78
98
62
66
22
98
58
64
2
6
96
94
78
46
70
12
68
38
56
78
22
16
78
90
24
98
78
64
34
46
98
52
70
64
32
38
38
2
38
24
16
72
86
94
18
54
22
62
92
84
20
80
54
16
52
48
90
48
2
92
68
68
28
28
12
24
60
96
28
78
30
42
30
72
76
66
28
88
10
48
4
90
22
36
72
42
86
88
22
66
8
44
72
66
48
86
32
84
2
14
56
68
4
56
48
2
22
40
78
54
0
94
58
64
62
42
12
30
26
60
54
0
16
40
64
32
92
62
56
50
48
10
2
64
28
24
46
70
0
60
88
8
24
2
46
68
28
84
2
44
78
88
76
64
92
74
32
18
64
18
0
38
70
50
60
70
46
36
86
40
4
70
62
10
48
58
60
22
16
88
20
68
54
56
18
60
16
60
96
76
98
68
22
6
74
74
44
62
2
90
46
92
70
50
60
98
88
58
18
54
98
36
76
12
34
16
74
98
40
12
26
16
72
4
28
78
20
88
36
30
32
8
86
88
48
76
72
2
22
48
92
60
16
88
90
96
36
32
86
58
32
8
62
42
66
12
86
24
36
62
42
14
30
24
58
96
68
60
72
38
88
90
88
14
52
20
10
8
70
52
22
42
4
54
80
78
22
64
52
90
24
56
4
22
84
58
20
4
98
76
88
10
44
26
40
58
70
12
72
10
78
24
26
96
94
56
84
26
70
16
80
94
90
78
78
40
90
56
60
60
0
22
2
86
62
84
28
52
54
76
68
30
92
94
42
10
22
12
2
44
0
52
92
48
80
72
44
52
8
96
72
76
94
84
88
14
2
48
86
12
78
14
10
0
52
54
80
66
52
20
58
62
98
72
20
4
2
32
2
98
82
32
60
2
6
50
68
98
64
56
40
42
72
86
14
70
62
12
52
20
0
82
74
88
68
6
94
36
76
46
14
26
62
22
16
82
36
12
16
62
16
98
42
50
8
50
64
78
46
18
28
12
12
10
58
0
80
0
46
22
38
32
26
24
78
98
14
56
52
34
0
6
22
70
30
46
44
14
32
40
18
20
20
44
56
84
74
82
44
52
58
58
70
2
0
48
16
12
38
98
88
74
22
30
96
92
82
62
12
24
98
42
8
72
60
40
36
32
70
54
78
86
36
92
56
40
20
12
72
4
54
20
34
90
48
66
4
44
14
40
92
0
72
78
64
2
56
8
62
90
68
44
42
32
54
80
10
62
40
22
40
72
14
70
6
24
24
66
94
32
66
86
6
52
80
46
40
2
32
66
46
28
92
8
38
54
38
4
6
34
80
28
42
68
44
66
80
98
60
32
26
26
36
14
88
80
10
44
28
54
54
28
0
30
92
78
86
42
88
84
56
34
30
86
32
96
92
64
38
84
78
40
98
60
8
6
30
54
34
44
72
52
34
8
60
22
16
44
80
82
16
2
76
76
8
72
38
30
90
6
42
38
18
32
28
94
72
8
48
46
22
28
46
84
84
80
44
18
96
4
70
56
60
78
48
48
88
68
84
2
26
26
30
60
90
54
24
82
24
32
34
94
6
78
86
2
26
80
6
82
22
10
62
62
50
98
26
50
48
82
86
42
56
4
12
22
86
34
84
28
40
72
38
30
50
56
78
34
92
10
88
0
38
98
70
98
76
34
86
12
10
32
38
70
82
62
60
18
76
70
92
52
84
28
6
44
82
80
80
96
10
2
64
32
72
82
30
6
10
16
50
30
96
70
28
38
28
42
0
40
20
4
18
4
34
16
64
94
26
18
50
4
36
78
84
98
10
82
92
32
84
8
4
80
30
42
62
44
54
70
70
84
4
88
62
98
78
6
28
76
14
88
88
68
14
80
6
80
88
84
46
20
34
14
84
86
20
36
82
20
10
98
26
22
2
98
48
92
86
22
4
70
72
48
36
26
86
86
32
98
24
52
38
30
68
92
44
74
64
30
18
46
46
0
10
12
56
34
42
92
94
66
88
30
10
70
56
48
12
82
96
44
66
34
40
30
32
42
94
46
98
22
24
52
22
70
90
4
66
78
84
50
36
48
76
10
2
8
62
42
78
66
46
60
66
80
94
24
70
38
34
52
46
22
26
54
4
98
94
12
62
36
86
10
84
98
50
64
4
50
96
82
42
38
24
56
88
72
18
70
26
42
10
92
8
40
80
26
46
20
48
36
90
86
64
38
28
20
70
10
28
64
42
16
16
80
20
64
60
30
24
88
74
84
94
2
86
58
62
10
32
6
44
78
54
12
68
46
76
60
40
34
54
48
86
62
86
66
42
96
0
36
12
84
74
74
80
72
48
66
80
96
62
74
80
20
50
34
48
2
2
2
38
36
16
94
44
44
74
84
80
20
74
84
40
22
28
86
24
54
14
36
66
18
64
22
62
46
38
20
22
44
52
46
54
50
26
10
66
40
74
98
72
66
68
56
18
14
98
98
62
44
2
70
48
66
16
84
36
50
58
14
84
68
82
60
88
62
28
78
58
16
82
64
4
50
10
56
86
32
34
8
28
62
12
92
20
70
46
44
94
10
0
28
18
64
22
24
52
54
86
42
14
46
52
8
70
22
74
52
4
12
8
44
74
44
10
2
42
54
22
86
38
86
78
92
12
54
50
72
2
8
70
18
88
10
16
26
46
56
84
48
14
18
86
6
20
20
12
64
44
40
62
96
92
52
96
54
26
68
60
96
94
64
60
86
18
24
38
0
70
86
20
44
98
4
42
36
64
40
42
48
26
14
0
68
56
80
34
90
46
14
24
12
30
56
62
58
80
70
76
16
58
6
84
12
94
16
92
38
54
62
58
56
84
18
30
94
22
2
90
42
96
22
66
20
60
6
92
90
76
72
92
82
18
6
38
22
80
62
4
66
98
68
4
20
96
10
76
26
68
78
74
84
88
92
28
14
30
40
94
0
42
40
56
64
40
36
82
92
38
68
60
8
70
74
26
2
58
64
96
80
6
0
16
86
56
18
24
0
12
84
84
4
26
14
48
20
74
78
42
96
82
48
92
8
44
92
48
6
58
46
74
38
22
38
78
70
64
8
38
82
66
54
26
36
58
34
42
0
98
82
2
20
94
50
94
54
90
48
88
14
36
64
86
0
72
6
46
60
50
0
44
46
36
56
96
46
18
32
88
34
44
84
46
30
74
48
42
48
98
56
74
10
60
14
62
10
20
58
26
50
56
34
16
56
64
86
56
84
74
40
28
12
18
36
20
36
36
78
42
14
62
74
20
66
54
12
12
0
6
40
22
34
32
80
72
60
96
46
98
50
98
24
78
58
46
44
32
90
34
26
18
46
96
10
10
88
40
16
84
54
82
70
58
64
56
46
70
18
34
66
56
12
16
10
92
66
88
70
32
68
44
90
4
26
80
56
76
46
26
92
48
72
26
96
34
50
76
10
6
50
92
96
44
16
62
94
56
96
90
14
26
60
6
6
6
72
82
38
48
30
14
44
4
4
74
58
34
42
4
90
36
92
70
92
66
98
26
30
46
4
44
34
52
44
