87
55
25
19
59
59
67
51
71
25
53
89
33
57
5
11
81
63
99
57
37
95
43
97
1
87
81
91
67
43
25
77
77
91
81
23
83
57
25
39
85
3
77
19
41
45
15
11
31
53
55
57
73
11
75
65
73
97
85
37
31
61
3
53
31
15
49
79
55
17
67
87
27
75
35
11
95
9
31
19
53
45
39
77
89
93
11
29
37
53
13
21
89
97
79
17
63
93
91
79
59
21
5
87
87
91
77
41
35
23
63
95
1
47
13
21
19
45
13
97
33
5
75
9
25
1
91
17
31
77
93
27
49
83
5
3
63
37
13
9
41
41
59
49
67
17
27
17
61
83
25
15
11
55
59
51
59
41
11
59
15
13
41
81
25
73
37
21
71
21
25
5
39
77
21
39
9
7
89
51
31
89
55
69
51
43
1
39
73
91
49
27
39
7
3
43
77
49
69
51
89
91
91
17
71
49
85
9
37
63
11
91
99
19
39
71
17
79
67
39
51
3
49
99
47
71
23
83
47
61
15
27
21
65
35
81
33
11
97
55
53
29
87
77
93
93
89
23
17
59
95
25
57
59
35
59
23
11
61
51
59
85
89
69
25
55
33
33
45
25
7
49
97
45
15
43
61
19
51
71
7
81
81
15
13
51
89
79
19
85
77
71
59
67
35
43
35
81
73
79
91
51
21
61
21
91
85
35
1
41
43
19
71
59
27
29
43
99
23
25
49
25
27
23
9
17
7
67
75
31
33
7
9
9
31
57
63
73
71
97
23
99
37
29
25
83
61
9
77
43
77
83
75
67
33
41
61
39
71
75
77
53
25
1
39
27
99
47
71
93
15
1
59
83
33
41
27
69
85
47
57
43
81
71
33
87
73
19
33
5
21
37
43
77
45
9
19
79
95
29
21
99
63
83
1
1
77
13
9
79
1
89
91
69
5
63
47
21
67
95
75
81
59
77
49
43
57
31
17
9
65
19
91
9
53
37
93
71
37
41
87
81
27
35
89
5
37
51
67
21
13
27
71
85
51
63
23
71
91
3
65
19
35
67
73
77
15
1
43
51
9
15
67
87
91
59
69
3
53
49
27
53
5
65
29
93
69
61
79
57
65
67
85
33
7
13
63
77
3
43
21
19
39
71
49
89
41
77
69
73
5
75
79
43
43
43
87
47
37
51
95
87
19
13
31
41
27
87
57
43
7
3
73
3
59
15
39
85
59
5
97
81
5
5
7
39
85
59
47
97
17
33
81
73
35
55
35
15
95
15
67
53
33
5
81
15
57
77
91
81
85
3
93
73
89
85
25
21
63
35
61
91
91
21
99
97
1
47
63
15
9
9
33
41
55
97
65
11
51
85
15
19
29
75
13
79
47
61
63
17
35
81
9
83
13
57
93
75
97
83
91
99
19
53
79
59
35
53
7
17
1
3
19
99
23
29
85
79
13
31
19
15
61
97
83
39
39
55
49
69
45
59
55
15
83
47
51
79
67
11
51
61
51
19
21
35
85
3
93
39
79
43
11
21
51
21
29
65
69
83
63
21
41
67
81
15
39
17
29
53
95
39
77
53
65
11
79
3
21
55
83
51
91
59
33
1
27
75
15
93
29
93
81
29
25
99
19
95
97
29
19
79
37
63
51
79
79
21
21
1
91
51
19
39
69
25
17
15
59
37
87
37
93
19
95
15
55
65
15
43
37
7
15
17
83
11
53
87
83
19
29
71
1
49
93
37
37
83
45
25
95
39
63
93
21
41
31
71
93
1
65
21
97
83
29
99
67
13
69
81
9
91
27
37
41
89
65
69
71
81
55
21
29
57
73
31
73
13
29
53
31
67
95
65
17
63
81
15
39
61
9
25
97
21
57
13
73
87
49
43
9
45
35
65
21
91
97
17
41
89
35
69
49
65
53
59
3
85
97
73
95
75
75
65
39
33
69
51
33
99
7
75
65
1
41
65
91
31
55
79
75
43
79
11
1
65
73
27
39
53
31
77
11
77
25
91
17
95
63
91
91
43
91
1
51
77
31
51
45
85
33
33
71
7
69
83
65
59
65
77
73
9
95
41
99
1
51
47
73
25
1
77
7
77
75
57
65
37
45
53
31
47
19
89
83
11
61
17
23
19
69
97
15
47
5
87
97
65
11
61
69
71
39
89
53
9
19
15
93
89
25
87
47
77
23
17
9
35
7
17
7
67
27
63
3
93
55
51
83
25
89
91
37
35
47
21
93
5
7
19
41
41
57
65
19
83
3
11
47
89
53
15
81
1
87
13
95
47
71
31
71
39
37
27
47
5
51
29
45
5
49
75
53
59
7
97
35
87
99
43
71
73
65
13
67
69
53
5
23
67
47
27
43
71
81
47
89
41
91
3
93
19
69
41
39
85
69
65
65
51
9
23
3
25
89
79
57
37
81
97
61
79
39
9
47
11
23
13
11
59
59
91
1
23
19
47
61
67
89
87
61
45
99
77
63
89
13
61
5
97
21
3
41
5
77
91
3
49
89
23
29
65
97
23
33
89
61
9
17
67
41
59
59
73
99
7
97
39
31
9
39
49
85
29
63
33
69
21
25
37
59
77
55
65
49
19
39
83
17
35
87
19
51
47
63
65
87
67
37
61
53
25
5
7
29
71
29
3
63
61
25
35
21
59
53
83
41
35
73
43
37
89
29
67
5
57
53
7
19
1
51
51
43
95
89
47
35
15
45
17
99
27
19
77
83
37
71
21
11
95
31
79
39
45
49
55
5
69
37
17
29
21
85
35
7
47
85
87
95
69
61
5
65
67
45
95
51
89
7
89
69
1
93
39
31
61
21
73
13
55
17
1
73
43
51
1
59
41
85
31
69
35
61
65
57
59
35
79
89
83
87
95
25
43
35
79
65
85
79
81
97
57
31
29
57
85
41
69
33
89
83
27
61
77
13
77
93
93
89
61
55
31
57
55
19
33
9
47
87
83
61
63
59
91
5
53
99
85
81
87
31
13
17
81
99
33
45
3
27
69
37
49
73
57
79
9
27
3
55
65
87
9
75
9
15
13
61
63
53
37
99
71
31
3
79
43
99
61
27
49
77
39
87
23
3
43
71
27
75
47
15
3
71
53
45
43
37
87
67
37
41
25
5
73
45
19
1
17
21
89
75
17
85
87
47
95
49
75
63
63
61
43
19
21
5
27
77
85
7
61
65
3
85
3
79
21
49
9
97
75
3
37
33
51
81
81
59
71
83
51
9
23
21
41
37
43
11
11
99
43
79
89
15
93
93
33
87
51
75
39
19
77
85
29
27
19
45
13
51
89
47
35
29
7
93
19
13
57
93
99
81
69
25
21
65
25
79
89
83
41
55
51
51
69
35
73
25
53
37
35
7
75
23
43
73
15
97
61
81
99
73
45
61
23
99
89
79
59
55
83
61
13
83
67
41
49
13
67
63
29
61
33
65
85
75
41
17
35
19
25
61
81
23
49
51
65
55
59
89
1
73
7
99
57
19
23
51
75
21
53
93
33
91
11
67
33
71
15
39
91
61
57
69
27
61
57
5
3
63
65
21
45
47
75
33
61
49
13
95
47
31
67
5
99
39
21
11
77
5
95
59
87
41
55
27
97
5
43
49
13
5
43
23
39
81
59
57
97
79
5
51
1
31
59
55
93
71
29
5
1
27
19
55
35
53
95
97
53
91
93
67
49
63
73
15
45
11
55
85
15
65
15
77
73
91
73
13
47
5
51
85
39
71
35
3
55
47
83
55
11
31
43
23
7
89
17
75
67
43
89
25
83
23
75
85
39
65
67
61
87
67
1
75
93
85
15
49
53
87
15
71
75
41
91
79
61
5
81
7
33
35
51
21
19
49
3
55
35
35
73
1
61
75
9
75
53
73
69
89
79
59
55
59
27
73
43
15
11
37
15
23
99
37
99
91
99
63
27
57
11
27
45
95
53
11
53
57
71
79
73
97
75
39
71
67
11
55
83
95
53
87
13
47
39
25
59
29
29
71
61
27
1
29
85
77
57
17
51
9
77
29
27
57
3
79
49
59
47
55
67
97
39
95
15
35
27
67
75
43
35
55
77
15
57
37
27
49
43
55
41
89
69
27
67
93
5
29
81
93
81
11
85
77
91
87
87
97
55
49
95
53
15
89
57
81
87
31
93
11
43
95
99
93
29
1
71
15
59
93
79
11
31
85
73
5
71
59
79
99
39
61
55
37
89
67
9
83
97
83
59
35
25
69
89
85
11
17
5
67
13
61
57
5
71
43
63
57
23
77
7
41
79
21
61
83
95
99
59
15
81
13
57
79
17
77
85
63
99
33
37
57
97
69
89
63
87
51
81
73
29
53
73
23
53
15
